 Total        Code        Data     Heap          Stack       Other     pid     process
03:27:06
 200122368   11415552     286720   188227584     155648      36864    12038161 TestStability_ISR_qnx660
03:27:10
 213532672   11415552     286720   201613312     180224      36864    12038161 TestStability_ISR_qnx660
03:27:12
 213532672   11415552     286720   201613312     180224      36864    12038161 TestStability_ISR_qnx660
03:27:13
 213532672   11415552     286720   201613312     180224      36864    12038161 TestStability_ISR_qnx660
03:27:14
 213532672   11415552     286720   201613312     180224      36864    12038161 TestStability_ISR_qnx660
03:27:16
 213532672   11415552     286720   201613312     180224      36864    12038161 TestStability_ISR_qnx660
03:27:17
 213532672   11415552     286720   201613312     180224      36864    12038161 TestStability_ISR_qnx660
03:27:18
 213532672   11415552     286720   201613312     180224      36864    12038161 TestStability_ISR_qnx660
03:27:20
 260956160   11415552     286720   248913920     303104      36864    12038161 TestStability_ISR_qnx660
03:27:35
 217989120   11415552     286720   205922304     327680      36864    12038161 TestStability_ISR_qnx660
03:27:55
 218058752   11415552     286720   205991936     327680      36864    12038161 TestStability_ISR_qnx660
03:28:09
 250052608   11415552     286720   237961216     352256      36864    12038161 TestStability_ISR_qnx660
03:28:22
 217948160   11415552     286720   205856768     352256      36864    12038161 TestStability_ISR_qnx660
03:28:37
 218013696   11415552     286720   205922304     352256      36864    12038161 TestStability_ISR_qnx660
03:28:57
 218025984   11415552     286720   205934592     352256      36864    12038161 TestStability_ISR_qnx660
03:29:10
 261070848   11415552     286720   248979456     352256      36864    12038161 TestStability_ISR_qnx660
03:29:29
 218013696   11415552     286720   205922304     352256      36864    12038161 TestStability_ISR_qnx660
03:29:48
 218091520   11415552     286720   205991936     360448      36864    12038161 TestStability_ISR_qnx660
03:29:58
 218095616   11415552     286720   205991936     364544      36864    12038161 TestStability_ISR_qnx660
03:30:06
 218185728   11415552     286720   206082048     364544      36864    12038161 TestStability_ISR_qnx660
03:30:19
 218095616   11415552     286720   205991936     364544      36864    12038161 TestStability_ISR_qnx660
03:30:32
 218095616   11415552     286720   205991936     364544      36864    12038161 TestStability_ISR_qnx660
03:30:45
 218095616   11415552     286720   205991936     364544      36864    12038161 TestStability_ISR_qnx660
03:30:59
 218095616   11415552     286720   205991936     364544      36864    12038161 TestStability_ISR_qnx660
03:31:12
 261242880   11415552     286720   249139200     364544      36864    12038161 TestStability_ISR_qnx660
03:31:24
 218161152   11415552     286720   206057472     364544      36864    12038161 TestStability_ISR_qnx660
03:31:38
 218161152   11415552     286720   206057472     364544      36864    12038161 TestStability_ISR_qnx660
03:31:47
 218161152   11415552     286720   206057472     364544      36864    12038161 TestStability_ISR_qnx660
03:32:00
 218095616   11415552     286720   205991936     364544      36864    12038161 TestStability_ISR_qnx660
03:32:10
 218095616   11415552     286720   205991936     364544      36864    12038161 TestStability_ISR_qnx660
03:32:22
 218095616   11415552     286720   205991936     364544      36864    12038161 TestStability_ISR_qnx660
03:32:35
 261349376   11415552     286720   249245696     364544      36864    12038161 TestStability_ISR_qnx660
03:32:54
 261349376   11415552     286720   249245696     364544      36864    12038161 TestStability_ISR_qnx660
03:33:09
 218226688   11415552     286720   206123008     364544      36864    12038161 TestStability_ISR_qnx660
03:33:22
 218357760   11415552     286720   206254080     364544      36864    12038161 TestStability_ISR_qnx660
03:33:36
 218292224   11415552     286720   206188544     364544      36864    12038161 TestStability_ISR_qnx660
03:33:57
 218292224   11415552     286720   206188544     364544      36864    12038161 TestStability_ISR_qnx660
03:34:09
 218292224   11415552     286720   206188544     364544      36864    12038161 TestStability_ISR_qnx660
03:34:23
 261414912   11415552     286720   249311232     364544      36864    12038161 TestStability_ISR_qnx660
03:34:35
 218357760   11415552     286720   206254080     364544      36864    12038161 TestStability_ISR_qnx660
03:34:51
 218292224   11415552     286720   206188544     364544      36864    12038161 TestStability_ISR_qnx660
03:35:04
 218324992   11415552     286720   206221312     364544      36864    12038161 TestStability_ISR_qnx660
03:35:17
 218292224   11415552     286720   206188544     364544      36864    12038161 TestStability_ISR_qnx660
03:35:28
 218292224   11415552     286720   206188544     364544      36864    12038161 TestStability_ISR_qnx660
03:35:42
 218292224   11415552     286720   206188544     364544      36864    12038161 TestStability_ISR_qnx660
03:35:49
 218292224   11415552     286720   206188544     364544      36864    12038161 TestStability_ISR_qnx660
03:36:00
 218226688   11415552     286720   206123008     364544      36864    12038161 TestStability_ISR_qnx660
03:36:14
 218349568   11415552     286720   206245888     364544      36864    12038161 TestStability_ISR_qnx660
03:36:24
 218226688   11415552     286720   206123008     364544      36864    12038161 TestStability_ISR_qnx660
03:36:36
 218329088   11415552     286720   206225408     364544      36864    12038161 TestStability_ISR_qnx660
03:36:45
 218226688   11415552     286720   206123008     364544      36864    12038161 TestStability_ISR_qnx660
03:36:58
 218226688   11415552     286720   206123008     364544      36864    12038161 TestStability_ISR_qnx660
03:37:10
 218226688   11415552     286720   206123008     364544      36864    12038161 TestStability_ISR_qnx660
03:37:19
 218226688   11415552     286720   206123008     364544      36864    12038161 TestStability_ISR_qnx660
03:37:28
 218226688   11415552     286720   206123008     364544      36864    12038161 TestStability_ISR_qnx660
03:37:42
 218226688   11415552     286720   206123008     364544      36864    12038161 TestStability_ISR_qnx660
03:37:54
 218226688   11415552     286720   206123008     364544      36864    12038161 TestStability_ISR_qnx660
03:38:03
 218226688   11415552     286720   206123008     364544      36864    12038161 TestStability_ISR_qnx660
03:38:12
 218292224   11415552     286720   206188544     364544      36864    12038161 TestStability_ISR_qnx660
03:38:23
 218226688   11415552     286720   206123008     364544      36864    12038161 TestStability_ISR_qnx660
03:38:30
 218226688   11415552     286720   206123008     364544      36864    12038161 TestStability_ISR_qnx660
03:38:37
 218292224   11415552     286720   206188544     364544      36864    12038161 TestStability_ISR_qnx660
03:38:49
 218292224   11415552     286720   206188544     364544      36864    12038161 TestStability_ISR_qnx660
03:39:06
 218304512   11415552     286720   206200832     364544      36864    12038161 TestStability_ISR_qnx660
03:39:22
 218292224   11415552     286720   206188544     364544      36864    12038161 TestStability_ISR_qnx660
03:39:47
 261349376   11415552     286720   249245696     364544      36864    12038161 TestStability_ISR_qnx660
03:40:04
 218357760   11415552     286720   206254080     364544      36864    12038161 TestStability_ISR_qnx660
03:40:17
 218312704   11415552     286720   206209024     364544      36864    12038161 TestStability_ISR_qnx660
03:40:37
 218320896   11415552     286720   206217216     364544      36864    12038161 TestStability_ISR_qnx660
03:40:52
 218324992   11415552     286720   206221312     364544      36864    12038161 TestStability_ISR_qnx660
03:41:15
 218296320   11415552     286720   206192640     364544      36864    12038161 TestStability_ISR_qnx660
03:41:37
 261283840   11415552     286720   249180160     364544      36864    12038161 TestStability_ISR_qnx660
03:41:51
 218226688   11415552     286720   206123008     364544      36864    12038161 TestStability_ISR_qnx660
03:42:02
 218292224   11415552     286720   206188544     364544      36864    12038161 TestStability_ISR_qnx660
03:42:13
 218292224   11415552     286720   206188544     364544      36864    12038161 TestStability_ISR_qnx660
03:42:25
 218292224   11415552     286720   206188544     364544      36864    12038161 TestStability_ISR_qnx660
03:42:34
 218226688   11415552     286720   206123008     364544      36864    12038161 TestStability_ISR_qnx660
03:42:42
 218226688   11415552     286720   206123008     364544      36864    12038161 TestStability_ISR_qnx660
03:42:50
 218292224   11415552     286720   206188544     364544      36864    12038161 TestStability_ISR_qnx660
03:43:04
 218292224   11415552     286720   206188544     364544      36864    12038161 TestStability_ISR_qnx660
03:43:11
 218292224   11415552     286720   206188544     364544      36864    12038161 TestStability_ISR_qnx660
03:43:17
 218292224   11415552     286720   206188544     364544      36864    12038161 TestStability_ISR_qnx660
03:43:32
 218292224   11415552     286720   206188544     364544      36864    12038161 TestStability_ISR_qnx660
03:43:44
 218292224   11415552     286720   206188544     364544      36864    12038161 TestStability_ISR_qnx660
03:43:55
 218292224   11415552     286720   206188544     364544      36864    12038161 TestStability_ISR_qnx660
03:44:06
 218226688   11415552     286720   206123008     364544      36864    12038161 TestStability_ISR_qnx660
03:44:19
 218226688   11415552     286720   206123008     364544      36864    12038161 TestStability_ISR_qnx660
03:44:30
 218292224   11415552     286720   206188544     364544      36864    12038161 TestStability_ISR_qnx660
03:44:38
 218292224   11415552     286720   206188544     364544      36864    12038161 TestStability_ISR_qnx660
03:44:41
 218226688   11415552     286720   206123008     364544      36864    12038161 TestStability_ISR_qnx660
03:44:58
 218394624   11415552     286720   206290944     364544      36864    12038161 TestStability_ISR_qnx660
03:45:19
 261349376   11415552     286720   249245696     364544      36864    12038161 TestStability_ISR_qnx660
03:45:25
 218292224   11415552     286720   206188544     364544      36864    12038161 TestStability_ISR_qnx660
03:45:38
 218292224   11415552     286720   206188544     364544      36864    12038161 TestStability_ISR_qnx660
03:45:47
 218292224   11415552     286720   206188544     364544      36864    12038161 TestStability_ISR_qnx660
03:45:58
 218292224   11415552     286720   206188544     364544      36864    12038161 TestStability_ISR_qnx660
03:46:09
 261349376   11415552     286720   249245696     364544      36864    12038161 TestStability_ISR_qnx660
03:46:19
 218292224   11415552     286720   206188544     364544      36864    12038161 TestStability_ISR_qnx660
03:46:36
 218226688   11415552     286720   206123008     364544      36864    12038161 TestStability_ISR_qnx660
03:46:48
 218390528   11415552     286720   206286848     364544      36864    12038161 TestStability_ISR_qnx660
03:47:03
 218292224   11415552     286720   206188544     364544      36864    12038161 TestStability_ISR_qnx660
03:47:18
 218292224   11415552     286720   206188544     364544      36864    12038161 TestStability_ISR_qnx660
03:47:39
 218361856   11415552     286720   206258176     364544      36864    12038161 TestStability_ISR_qnx660
03:47:50
 218292224   11415552     286720   206188544     364544      36864    12038161 TestStability_ISR_qnx660
03:48:03
 218292224   11415552     286720   206188544     364544      36864    12038161 TestStability_ISR_qnx660
03:48:20
 218357760   11415552     286720   206254080     364544      36864    12038161 TestStability_ISR_qnx660
03:48:32
 261349376   11415552     286720   249245696     364544      36864    12038161 TestStability_ISR_qnx660
03:48:45
 218357760   11415552     286720   206254080     364544      36864    12038161 TestStability_ISR_qnx660
03:48:57
 261349376   11415552     286720   249245696     364544      36864    12038161 TestStability_ISR_qnx660
03:49:07
 218365952   11415552     286720   206262272     364544      36864    12038161 TestStability_ISR_qnx660
03:49:28
 218292224   11415552     286720   206188544     364544      36864    12038161 TestStability_ISR_qnx660
03:49:40
 218292224   11415552     286720   206188544     364544      36864    12038161 TestStability_ISR_qnx660
03:49:54
 218308608   11415552     286720   206204928     364544      36864    12038161 TestStability_ISR_qnx660
03:50:10
 218226688   11415552     286720   206123008     364544      36864    12038161 TestStability_ISR_qnx660
03:50:26
 218226688   11415552     286720   206123008     364544      36864    12038161 TestStability_ISR_qnx660
03:50:46
 261468160   11415552     286720   249364480     364544      36864    12038161 TestStability_ISR_qnx660
03:50:55
 218226688   11415552     286720   206123008     364544      36864    12038161 TestStability_ISR_qnx660
03:51:06
 261349376   11415552     286720   249245696     364544      36864    12038161 TestStability_ISR_qnx660
03:51:22
 218292224   11415552     286720   206188544     364544      36864    12038161 TestStability_ISR_qnx660
03:51:35
 218226688   11415552     286720   206123008     364544      36864    12038161 TestStability_ISR_qnx660
03:51:48
 218226688   11415552     286720   206123008     364544      36864    12038161 TestStability_ISR_qnx660
03:51:58
 261283840   11415552     286720   249180160     364544      36864    12038161 TestStability_ISR_qnx660
03:52:10
 261349376   11415552     286720   249245696     364544      36864    12038161 TestStability_ISR_qnx660
03:52:21
 218357760   11415552     286720   206254080     364544      36864    12038161 TestStability_ISR_qnx660
03:52:43
 218292224   11415552     286720   206188544     364544      36864    12038161 TestStability_ISR_qnx660
03:53:03
 250331136   11415552     286720   238227456     364544      36864    12038161 TestStability_ISR_qnx660
03:53:23
 218226688   11415552     286720   206123008     364544      36864    12038161 TestStability_ISR_qnx660
03:53:37
 261353472   11415552     286720   249249792     364544      36864    12038161 TestStability_ISR_qnx660
03:53:55
 218308608   11415552     286720   206204928     364544      36864    12038161 TestStability_ISR_qnx660
03:54:04
 261378048   11415552     286720   249274368     364544      36864    12038161 TestStability_ISR_qnx660
03:54:22
 218296320   11415552     286720   206192640     364544      36864    12038161 TestStability_ISR_qnx660
03:54:36
 261361664   11415552     286720   249257984     364544      36864    12038161 TestStability_ISR_qnx660
03:54:52
 223707136   11415552     286720   211603456     364544      36864    12038161 TestStability_ISR_qnx660
03:55:06
 218226688   11415552     286720   206123008     364544      36864    12038161 TestStability_ISR_qnx660
03:55:22
 261378048   11415552     286720   249274368     364544      36864    12038161 TestStability_ISR_qnx660
03:55:38
 250335232   11415552     286720   238231552     364544      36864    12038161 TestStability_ISR_qnx660
03:55:54
 218226688   11415552     286720   206123008     364544      36864    12038161 TestStability_ISR_qnx660
03:56:03
 261369856   11415552     286720   249266176     364544      36864    12038161 TestStability_ISR_qnx660
03:56:20
 218226688   11415552     286720   206123008     364544      36864    12038161 TestStability_ISR_qnx660
03:56:32
 218226688   11415552     286720   206123008     364544      36864    12038161 TestStability_ISR_qnx660
03:56:49
 218226688   11415552     286720   206123008     364544      36864    12038161 TestStability_ISR_qnx660
03:57:04
 218226688   11415552     286720   206123008     364544      36864    12038161 TestStability_ISR_qnx660
03:57:17
 218226688   11415552     286720   206123008     364544      36864    12038161 TestStability_ISR_qnx660
03:57:30
 218226688   11415552     286720   206123008     364544      36864    12038161 TestStability_ISR_qnx660
03:57:49
 218226688   11415552     286720   206123008     364544      36864    12038161 TestStability_ISR_qnx660
03:58:02
 218226688   11415552     286720   206123008     364544      36864    12038161 TestStability_ISR_qnx660
03:58:16
 218226688   11415552     286720   206123008     364544      36864    12038161 TestStability_ISR_qnx660
03:58:36
 218226688   11415552     286720   206123008     364544      36864    12038161 TestStability_ISR_qnx660
03:58:53
 218304512   11415552     286720   206200832     364544      36864    12038161 TestStability_ISR_qnx660
03:59:08
 218304512   11415552     286720   206200832     364544      36864    12038161 TestStability_ISR_qnx660
03:59:27
 261361664   11415552     286720   249257984     364544      36864    12038161 TestStability_ISR_qnx660
03:59:54
 218300416   11415552     286720   206196736     364544      36864    12038161 TestStability_ISR_qnx660
04:00:17
 218341376   11415552     286720   206237696     364544      36864    12038161 TestStability_ISR_qnx660
04:00:31
 218226688   11415552     286720   206123008     364544      36864    12038161 TestStability_ISR_qnx660
04:00:52
 218226688   11415552     286720   206123008     364544      36864    12038161 TestStability_ISR_qnx660
04:01:16
 218226688   11415552     286720   206123008     364544      36864    12038161 TestStability_ISR_qnx660
04:01:33
 218226688   11415552     286720   206123008     364544      36864    12038161 TestStability_ISR_qnx660
04:01:49
 261398528   11415552     286720   249294848     364544      36864    12038161 TestStability_ISR_qnx660
04:02:08
 261390336   11415552     286720   249286656     364544      36864    12038161 TestStability_ISR_qnx660
04:02:24
 261394432   11415552     286720   249290752     364544      36864    12038161 TestStability_ISR_qnx660
04:02:39
 261394432   11415552     286720   249290752     364544      36864    12038161 TestStability_ISR_qnx660
04:02:59
 218226688   11415552     286720   206123008     364544      36864    12038161 TestStability_ISR_qnx660
04:03:16
 261402624   11415552     286720   249298944     364544      36864    12038161 TestStability_ISR_qnx660
04:03:34
 218226688   11415552     286720   206123008     364544      36864    12038161 TestStability_ISR_qnx660
04:03:47
 218312704   11415552     286720   206209024     364544      36864    12038161 TestStability_ISR_qnx660
04:04:00
 218226688   11415552     286720   206123008     364544      36864    12038161 TestStability_ISR_qnx660
04:04:14
 218226688   11415552     286720   206123008     364544      36864    12038161 TestStability_ISR_qnx660
04:04:26
 218226688   11415552     286720   206123008     364544      36864    12038161 TestStability_ISR_qnx660
04:04:41
 218226688   11415552     286720   206123008     364544      36864    12038161 TestStability_ISR_qnx660
04:04:54
 218226688   11415552     286720   206123008     364544      36864    12038161 TestStability_ISR_qnx660
04:05:09
 261394432   11415552     286720   249290752     364544      36864    12038161 TestStability_ISR_qnx660
04:05:23
 261390336   11415552     286720   249286656     364544      36864    12038161 TestStability_ISR_qnx660
04:05:34
 218226688   11415552     286720   206123008     364544      36864    12038161 TestStability_ISR_qnx660
04:05:47
 218226688   11415552     286720   206123008     364544      36864    12038161 TestStability_ISR_qnx660
04:05:57
 261386240   11415552     286720   249282560     364544      36864    12038161 TestStability_ISR_qnx660
04:06:12
 218226688   11415552     286720   206123008     364544      36864    12038161 TestStability_ISR_qnx660
04:06:26
 218226688   11415552     286720   206123008     364544      36864    12038161 TestStability_ISR_qnx660
04:06:41
 218226688   11415552     286720   206123008     364544      36864    12038161 TestStability_ISR_qnx660
04:06:52
 218226688   11415552     286720   206123008     364544      36864    12038161 TestStability_ISR_qnx660
04:07:10
 218226688   11415552     286720   206123008     364544      36864    12038161 TestStability_ISR_qnx660
04:07:29
 218226688   11415552     286720   206123008     364544      36864    12038161 TestStability_ISR_qnx660
04:07:39
 218226688   11415552     286720   206123008     364544      36864    12038161 TestStability_ISR_qnx660
04:07:58
 218316800   11415552     286720   206213120     364544      36864    12038161 TestStability_ISR_qnx660
04:08:09
 218226688   11415552     286720   206123008     364544      36864    12038161 TestStability_ISR_qnx660
04:08:22
 218226688   11415552     286720   206123008     364544      36864    12038161 TestStability_ISR_qnx660
04:08:36
 261386240   11415552     286720   249282560     364544      36864    12038161 TestStability_ISR_qnx660
04:08:52
 261386240   11415552     286720   249282560     364544      36864    12038161 TestStability_ISR_qnx660
04:09:10
 218226688   11415552     286720   206123008     364544      36864    12038161 TestStability_ISR_qnx660
04:09:25
 261378048   11415552     286720   249274368     364544      36864    12038161 TestStability_ISR_qnx660
04:09:39
 261373952   11415552     286720   249270272     364544      36864    12038161 TestStability_ISR_qnx660
04:09:57
 218316800   11415552     286720   206213120     364544      36864    12038161 TestStability_ISR_qnx660
04:10:07
 218226688   11415552     286720   206123008     364544      36864    12038161 TestStability_ISR_qnx660
04:10:21
 250396672   11415552     286720   238292992     364544      36864    12038161 TestStability_ISR_qnx660
04:10:29
 218292224   11415552     286720   206188544     364544      36864    12038161 TestStability_ISR_qnx660
04:10:35
 218292224   11415552     286720   206188544     364544      36864    12038161 TestStability_ISR_qnx660
04:10:49
 218292224   11415552     286720   206188544     364544      36864    12038161 TestStability_ISR_qnx660
04:10:59
 250429440   11415552     286720   238325760     364544      36864    12038161 TestStability_ISR_qnx660
04:11:07
 261349376   11415552     286720   249245696     364544      36864    12038161 TestStability_ISR_qnx660
04:11:22
 218259456   11415552     286720   206155776     364544      36864    12038161 TestStability_ISR_qnx660
04:11:30
 261349376   11415552     286720   249245696     364544      36864    12038161 TestStability_ISR_qnx660
04:11:45
 218357760   11415552     286720   206254080     364544      36864    12038161 TestStability_ISR_qnx660
04:12:02
 218357760   11415552     286720   206254080     364544      36864    12038161 TestStability_ISR_qnx660
04:12:18
 218292224   11415552     286720   206188544     364544      36864    12038161 TestStability_ISR_qnx660
04:12:35
 218292224   11415552     286720   206188544     364544      36864    12038161 TestStability_ISR_qnx660
04:12:52
 218226688   11415552     286720   206123008     364544      36864    12038161 TestStability_ISR_qnx660
04:13:05
 218292224   11415552     286720   206188544     364544      36864    12038161 TestStability_ISR_qnx660
04:13:21
 261349376   11415552     286720   249245696     364544      36864    12038161 TestStability_ISR_qnx660
04:13:36
 250396672   11415552     286720   238292992     364544      36864    12038161 TestStability_ISR_qnx660
04:13:52
 218357760   11415552     286720   206254080     364544      36864    12038161 TestStability_ISR_qnx660
04:14:03
 261414912   11415552     286720   249311232     364544      36864    12038161 TestStability_ISR_qnx660
04:14:21
 218292224   11415552     286720   206188544     364544      36864    12038161 TestStability_ISR_qnx660
04:14:41
 218357760   11415552     286720   206254080     364544      36864    12038161 TestStability_ISR_qnx660
04:14:59
 218292224   11415552     286720   206188544     364544      36864    12038161 TestStability_ISR_qnx660
04:15:12
 218292224   11415552     286720   206188544     364544      36864    12038161 TestStability_ISR_qnx660
04:15:24
 218292224   11415552     286720   206188544     364544      36864    12038161 TestStability_ISR_qnx660
04:15:34
 261349376   11415552     286720   249245696     364544      36864    12038161 TestStability_ISR_qnx660
04:15:47
 223703040   11415552     286720   211599360     364544      36864    12038161 TestStability_ISR_qnx660
04:15:59
 218357760   11415552     286720   206254080     364544      36864    12038161 TestStability_ISR_qnx660
04:16:11
 218357760   11415552     286720   206254080     364544      36864    12038161 TestStability_ISR_qnx660
04:16:24
 218292224   11415552     286720   206188544     364544      36864    12038161 TestStability_ISR_qnx660
04:16:43
 218292224   11415552     286720   206188544     364544      36864    12038161 TestStability_ISR_qnx660
04:16:57
 218226688   11415552     286720   206123008     364544      36864    12038161 TestStability_ISR_qnx660
04:17:11
 261349376   11415552     286720   249245696     364544      36864    12038161 TestStability_ISR_qnx660
04:17:26
 257896448   11415552     286720   245792768     364544      36864    12038161 TestStability_ISR_qnx660
04:17:40
 218292224   11415552     286720   206188544     364544      36864    12038161 TestStability_ISR_qnx660
04:17:51
 218292224   11415552     286720   206188544     364544      36864    12038161 TestStability_ISR_qnx660
04:18:04
 261349376   11415552     286720   249245696     364544      36864    12038161 TestStability_ISR_qnx660
04:18:19
 218357760   11415552     286720   206254080     364544      36864    12038161 TestStability_ISR_qnx660
04:18:39
 261349376   11415552     286720   249245696     364544      36864    12038161 TestStability_ISR_qnx660
04:18:56
 218292224   11415552     286720   206188544     364544      36864    12038161 TestStability_ISR_qnx660
04:19:13
 261414912   11415552     286720   249311232     364544      36864    12038161 TestStability_ISR_qnx660
04:19:37
 218300416   11415552     286720   206196736     364544      36864    12038161 TestStability_ISR_qnx660
04:19:54
 218292224   11415552     286720   206188544     364544      36864    12038161 TestStability_ISR_qnx660
04:20:11
 218292224   11415552     286720   206188544     364544      36864    12038161 TestStability_ISR_qnx660
04:20:33
 218357760   11415552     286720   206254080     364544      36864    12038161 TestStability_ISR_qnx660
04:20:52
 218226688   11415552     286720   206123008     364544      36864    12038161 TestStability_ISR_qnx660
04:21:09
 261414912   11415552     286720   249311232     364544      36864    12038161 TestStability_ISR_qnx660
04:21:23
 218357760   11415552     286720   206254080     364544      36864    12038161 TestStability_ISR_qnx660
04:21:37
 218292224   11415552     286720   206188544     364544      36864    12038161 TestStability_ISR_qnx660
04:21:58
 261414912   11415552     286720   249311232     364544      36864    12038161 TestStability_ISR_qnx660
04:22:18
 218357760   11415552     286720   206254080     364544      36864    12038161 TestStability_ISR_qnx660
04:22:33
 250331136   11415552     286720   238227456     364544      36864    12038161 TestStability_ISR_qnx660
04:22:50
 218357760   11415552     286720   206254080     364544      36864    12038161 TestStability_ISR_qnx660
04:23:11
 261349376   11415552     286720   249245696     364544      36864    12038161 TestStability_ISR_qnx660
04:23:28
 218357760   11415552     286720   206254080     364544      36864    12038161 TestStability_ISR_qnx660
04:23:40
 218292224   11415552     286720   206188544     364544      36864    12038161 TestStability_ISR_qnx660
04:23:56
 261349376   11415552     286720   249245696     364544      36864    12038161 TestStability_ISR_qnx660
04:24:14
 218357760   11415552     286720   206254080     364544      36864    12038161 TestStability_ISR_qnx660
04:24:30
 261464064   11415552     286720   249360384     364544      36864    12038161 TestStability_ISR_qnx660
04:24:51
 223805440   11415552     286720   211701760     364544      36864    12038161 TestStability_ISR_qnx660
04:25:13
 261435392   11415552     286720   249331712     364544      36864    12038161 TestStability_ISR_qnx660
04:25:32
 218382336   11415552     286720   206278656     364544      36864    12038161 TestStability_ISR_qnx660
04:25:41
 218292224   11415552     286720   206188544     364544      36864    12038161 TestStability_ISR_qnx660
04:25:58
 218292224   11415552     286720   206188544     364544      36864    12038161 TestStability_ISR_qnx660
04:26:17
 218292224   11415552     286720   206188544     364544      36864    12038161 TestStability_ISR_qnx660
04:26:31
 218292224   11415552     286720   206188544     364544      36864    12038161 TestStability_ISR_qnx660
04:26:41
 218292224   11415552     286720   206188544     364544      36864    12038161 TestStability_ISR_qnx660
04:27:04
 218382336   11415552     286720   206278656     364544      36864    12038161 TestStability_ISR_qnx660
04:27:17
 218292224   11415552     286720   206188544     364544      36864    12038161 TestStability_ISR_qnx660
04:27:31
 218292224   11415552     286720   206188544     364544      36864    12038161 TestStability_ISR_qnx660
04:27:50
 218292224   11415552     286720   206188544     364544      36864    12038161 TestStability_ISR_qnx660
04:28:08
 218292224   11415552     286720   206188544     364544      36864    12038161 TestStability_ISR_qnx660
04:28:18
 218292224   11415552     286720   206188544     364544      36864    12038161 TestStability_ISR_qnx660
04:28:29
 261435392   11415552     286720   249331712     364544      36864    12038161 TestStability_ISR_qnx660
04:28:50
 218292224   11415552     286720   206188544     364544      36864    12038161 TestStability_ISR_qnx660
04:29:05
 218292224   11415552     286720   206188544     364544      36864    12038161 TestStability_ISR_qnx660
04:29:24
 218292224   11415552     286720   206188544     364544      36864    12038161 TestStability_ISR_qnx660
04:29:38
 218292224   11415552     286720   206188544     364544      36864    12038161 TestStability_ISR_qnx660
04:29:51
 218292224   11415552     286720   206188544     364544      36864    12038161 TestStability_ISR_qnx660
04:30:05
 218390528   11415552     286720   206286848     364544      36864    12038161 TestStability_ISR_qnx660
04:30:24
 218292224   11415552     286720   206188544     364544      36864    12038161 TestStability_ISR_qnx660
04:30:34
 218292224   11415552     286720   206188544     364544      36864    12038161 TestStability_ISR_qnx660
04:30:47
 218292224   11415552     286720   206188544     364544      36864    12038161 TestStability_ISR_qnx660
04:31:04
 218292224   11415552     286720   206188544     364544      36864    12038161 TestStability_ISR_qnx660
04:31:22
 218292224   11415552     286720   206188544     364544      36864    12038161 TestStability_ISR_qnx660
04:31:36
 218292224   11415552     286720   206188544     364544      36864    12038161 TestStability_ISR_qnx660
04:31:45
 218292224   11415552     286720   206188544     364544      36864    12038161 TestStability_ISR_qnx660
04:31:55
 218292224   11415552     286720   206188544     364544      36864    12038161 TestStability_ISR_qnx660
04:32:07
 261431296   11415552     286720   249327616     364544      36864    12038161 TestStability_ISR_qnx660
04:32:23
 218292224   11415552     286720   206188544     364544      36864    12038161 TestStability_ISR_qnx660
04:32:44
 218292224   11415552     286720   206188544     364544      36864    12038161 TestStability_ISR_qnx660
04:32:54
 218382336   11415552     286720   206278656     364544      36864    12038161 TestStability_ISR_qnx660
04:33:06
 218292224   11415552     286720   206188544     364544      36864    12038161 TestStability_ISR_qnx660
04:33:22
 218292224   11415552     286720   206188544     364544      36864    12038161 TestStability_ISR_qnx660
04:33:33
 218292224   11415552     286720   206188544     364544      36864    12038161 TestStability_ISR_qnx660
04:33:47
 261447680   11415552     286720   249344000     364544      36864    12038161 TestStability_ISR_qnx660
04:34:02
 218292224   11415552     286720   206188544     364544      36864    12038161 TestStability_ISR_qnx660
04:34:25
 218292224   11415552     286720   206188544     364544      36864    12038161 TestStability_ISR_qnx660
04:34:38
 218374144   11415552     286720   206270464     364544      36864    12038161 TestStability_ISR_qnx660
04:34:55
 218292224   11415552     286720   206188544     364544      36864    12038161 TestStability_ISR_qnx660
04:35:08
 218292224   11415552     286720   206188544     364544      36864    12038161 TestStability_ISR_qnx660
04:35:23
 218292224   11415552     286720   206188544     364544      36864    12038161 TestStability_ISR_qnx660
04:35:32
 218292224   11415552     286720   206188544     364544      36864    12038161 TestStability_ISR_qnx660
04:35:45
 218292224   11415552     286720   206188544     364544      36864    12038161 TestStability_ISR_qnx660
04:35:59
 218292224   11415552     286720   206188544     364544      36864    12038161 TestStability_ISR_qnx660
04:36:14
 218292224   11415552     286720   206188544     364544      36864    12038161 TestStability_ISR_qnx660
04:36:26
 218374144   11415552     286720   206270464     364544      36864    12038161 TestStability_ISR_qnx660
04:36:41
 261427200   11415552     286720   249323520     364544      36864    12038161 TestStability_ISR_qnx660
04:36:57
 261414912   11415552     286720   249311232     364544      36864    12038161 TestStability_ISR_qnx660
04:37:16
 218357760   11415552     286720   206254080     364544      36864    12038161 TestStability_ISR_qnx660
04:37:30
 218357760   11415552     286720   206254080     364544      36864    12038161 TestStability_ISR_qnx660
04:37:50
 218292224   11415552     286720   206188544     364544      36864    12038161 TestStability_ISR_qnx660
04:38:05
 218292224   11415552     286720   206188544     364544      36864    12038161 TestStability_ISR_qnx660
04:38:22
 218357760   11415552     286720   206254080     364544      36864    12038161 TestStability_ISR_qnx660
04:38:41
 218357760   11415552     286720   206254080     364544      36864    12038161 TestStability_ISR_qnx660
04:38:58
 218423296   11415552     286720   206319616     364544      36864    12038161 TestStability_ISR_qnx660
04:39:18
 261414912   11415552     286720   249311232     364544      36864    12038161 TestStability_ISR_qnx660
04:39:42
 218357760   11415552     286720   206254080     364544      36864    12038161 TestStability_ISR_qnx660
04:39:54
 218357760   11415552     286720   206254080     364544      36864    12038161 TestStability_ISR_qnx660
04:40:08
 261414912   11415552     286720   249311232     364544      36864    12038161 TestStability_ISR_qnx660
04:40:31
 218361856   11415552     286720   206258176     364544      36864    12038161 TestStability_ISR_qnx660
04:40:50
 261435392   11415552     286720   249331712     364544      36864    12038161 TestStability_ISR_qnx660
04:41:02
 218292224   11415552     286720   206188544     364544      36864    12038161 TestStability_ISR_qnx660
04:41:15
 218370048   11415552     286720   206266368     364544      36864    12038161 TestStability_ISR_qnx660
04:41:27
 218292224   11415552     286720   206188544     364544      36864    12038161 TestStability_ISR_qnx660
04:41:38
 218292224   11415552     286720   206188544     364544      36864    12038161 TestStability_ISR_qnx660
04:41:54
 218357760   11415552     286720   206254080     364544      36864    12038161 TestStability_ISR_qnx660
04:42:13
 218357760   11415552     286720   206254080     364544      36864    12038161 TestStability_ISR_qnx660
04:42:28
 261488640   11415552     286720   249384960     364544      36864    12038161 TestStability_ISR_qnx660
04:42:44
 218292224   11415552     286720   206188544     364544      36864    12038161 TestStability_ISR_qnx660
04:42:59
 218292224   11415552     286720   206188544     364544      36864    12038161 TestStability_ISR_qnx660
04:43:13
 218357760   11415552     286720   206254080     364544      36864    12038161 TestStability_ISR_qnx660
04:43:31
 261414912   11415552     286720   249311232     364544      36864    12038161 TestStability_ISR_qnx660
04:43:46
 218292224   11415552     286720   206188544     364544      36864    12038161 TestStability_ISR_qnx660
04:44:08
 218292224   11415552     286720   206188544     364544      36864    12038161 TestStability_ISR_qnx660
04:44:22
 218357760   11415552     286720   206254080     364544      36864    12038161 TestStability_ISR_qnx660
04:44:36
 218357760   11415552     286720   206254080     364544      36864    12038161 TestStability_ISR_qnx660
04:44:55
 261349376   11415552     286720   249245696     364544      36864    12038161 TestStability_ISR_qnx660
04:45:12
 261349376   11415552     286720   249245696     364544      36864    12038161 TestStability_ISR_qnx660
04:45:34
 218292224   11415552     286720   206188544     364544      36864    12038161 TestStability_ISR_qnx660
04:45:52
 218361856   11415552     286720   206258176     364544      36864    12038161 TestStability_ISR_qnx660
04:46:13
 218292224   11415552     286720   206188544     364544      36864    12038161 TestStability_ISR_qnx660
04:46:31
 261419008   11415552     286720   249315328     364544      36864    12038161 TestStability_ISR_qnx660
04:46:46
 218292224   11415552     286720   206188544     364544      36864    12038161 TestStability_ISR_qnx660
04:47:03
 218365952   11415552     286720   206262272     364544      36864    12038161 TestStability_ISR_qnx660
04:47:15
 218292224   11415552     286720   206188544     364544      36864    12038161 TestStability_ISR_qnx660
04:47:27
 218357760   11415552     286720   206254080     364544      36864    12038161 TestStability_ISR_qnx660
04:47:43
 218357760   11415552     286720   206254080     364544      36864    12038161 TestStability_ISR_qnx660
04:47:58
 261414912   11415552     286720   249311232     364544      36864    12038161 TestStability_ISR_qnx660
04:48:16
 218365952   11415552     286720   206262272     364544      36864    12038161 TestStability_ISR_qnx660
04:48:31
 218357760   11415552     286720   206254080     364544      36864    12038161 TestStability_ISR_qnx660
04:48:52
 218292224   11415552     286720   206188544     364544      36864    12038161 TestStability_ISR_qnx660
04:49:09
 218370048   11415552     286720   206266368     364544      36864    12038161 TestStability_ISR_qnx660
04:49:29
 261349376   11415552     286720   249245696     364544      36864    12038161 TestStability_ISR_qnx660
04:49:44
 218292224   11415552     286720   206188544     364544      36864    12038161 TestStability_ISR_qnx660
04:49:55
 218292224   11415552     286720   206188544     364544      36864    12038161 TestStability_ISR_qnx660
04:50:09
 218292224   11415552     286720   206188544     364544      36864    12038161 TestStability_ISR_qnx660
04:50:26
 218292224   11415552     286720   206188544     364544      36864    12038161 TestStability_ISR_qnx660
04:50:45
 261349376   11415552     286720   249245696     364544      36864    12038161 TestStability_ISR_qnx660
04:50:59
 261414912   11415552     286720   249311232     364544      36864    12038161 TestStability_ISR_qnx660
04:51:16
 218292224   11415552     286720   206188544     364544      36864    12038161 TestStability_ISR_qnx660
04:51:40
04:51:46
04:51:47
04:51:48
04:51:49
04:51:50
04:51:52
04:51:53
04:51:54
04:51:55
04:51:56
04:51:57
04:51:58
04:52:00
04:52:01
04:52:02
04:52:03
04:52:04
04:52:05
04:52:06
04:52:08
04:52:09
04:52:10
04:52:11
04:52:12
04:52:13
04:52:14
04:52:15
04:52:17
04:52:18
04:52:19
04:52:20
04:52:21
04:52:22
04:52:23
04:52:25
04:52:26
04:52:27
04:52:28
04:52:29
04:52:30
04:52:31
04:52:33
04:52:34
04:52:35
04:52:36
04:52:37
04:52:38
04:52:39
04:52:40
04:52:42
04:52:43
04:52:44
04:52:45
04:52:46
04:52:47
04:52:48
04:52:50
04:52:51
04:52:52
04:52:53
04:52:54
04:52:55
04:52:56
04:52:57
04:52:59
04:53:00
04:53:01
04:53:02
04:53:03
04:53:04
04:53:05
04:53:06
04:53:08
04:53:09
04:53:10
04:53:11
04:53:12
04:53:13
04:53:14
04:53:15
04:53:17
04:53:18
04:53:19
04:53:20
04:53:21
04:53:22
04:53:23
04:53:24
04:53:26
04:53:27
04:53:28
04:53:29
04:53:30
04:53:31
04:53:32
04:53:34
04:53:35
04:53:36
04:53:37
04:53:38
04:53:39
04:53:40
04:53:42
04:53:43
04:53:44
04:53:45
04:53:46
04:53:47
04:53:48
04:53:49
04:53:50
04:53:52
04:53:53
04:53:54
04:53:55
04:53:56
04:53:57
04:53:58
04:54:00
04:54:01
04:54:02
04:54:03
04:54:04
04:54:05
04:54:06
04:54:07
04:54:09
04:54:10
04:54:11
04:54:12
04:54:13
04:54:14
04:54:15
04:54:16
04:54:18
04:54:19
04:54:20
04:54:21
04:54:22
04:54:23
04:54:24
04:54:25
04:54:27
04:54:28
04:54:29
04:54:30
04:54:31
04:54:32
04:54:33
04:54:35
04:54:36
04:54:37
04:54:38
04:54:39
04:54:40
04:54:41
04:54:43
04:54:44
04:54:45
04:54:46
04:54:47
04:54:48
04:54:49
04:54:50
04:54:52
04:54:53
04:54:54
04:54:55
