 Total        Code        Data     Heap          Stack       Other     pid     process
07:03:45
 12935168    6008832     212992    6664192      49152          0      962641 TestStability_CATA_qnx650
07:03:46
 13856768    6008832     212992    7585792      49152          0      962641 TestStability_CATA_qnx650
07:03:47
 14577664    6008832     212992    8306688      49152          0      962641 TestStability_CATA_qnx650
07:03:48
 15233024    6008832     212992    8962048      49152          0      962641 TestStability_CATA_qnx650
07:03:49
 15757312    6008832     212992    9486336      49152          0      962641 TestStability_CATA_qnx650
07:03:51
 15953920    6008832     212992    9682944      49152          0      962641 TestStability_CATA_qnx650
07:03:52
 16412672    6008832     212992   10141696      49152          0      962641 TestStability_CATA_qnx650
07:03:53
 16740352    6008832     212992   10469376      49152          0      962641 TestStability_CATA_qnx650
07:03:54
 17264640    6008832     212992   10993664      49152          0      962641 TestStability_CATA_qnx650
07:03:55
 17788928    6008832     212992   11517952      49152          0      962641 TestStability_CATA_qnx650
07:03:56
 18706432    6008832     212992   12435456      49152          0      962641 TestStability_CATA_qnx650
07:03:57
 19505152    6008832     212992   13234176      49152          0      962641 TestStability_CATA_qnx650
07:03:58
 19963904    6008832     212992   13692928      49152          0      962641 TestStability_CATA_qnx650
07:04:00
 20488192    6008832     212992   14217216      49152          0      962641 TestStability_CATA_qnx650
07:04:01
 20946944    6008832     212992   14675968      49152          0      962641 TestStability_CATA_qnx650
07:04:02
 21475328    6008832     212992   15204352      49152          0      962641 TestStability_CATA_qnx650
07:04:03
 21934080    6008832     212992   15663104      49152          0      962641 TestStability_CATA_qnx650
07:04:04
 22327296    6008832     212992   16056320      49152          0      962641 TestStability_CATA_qnx650
07:04:05
 22720512    6008832     212992   16449536      49152          0      962641 TestStability_CATA_qnx650
07:04:07
 32157696    6008832     212992   25886720      49152          0      962641 TestStability_CATA_qnx650
07:04:08
 32092160    6008832     212992   25821184      49152          0      962641 TestStability_CATA_qnx650
07:04:09
 41848832    6008832     212992   35577856      49152          0      962641 TestStability_CATA_qnx650
07:04:11
 41848832    6008832     212992   35577856      49152          0      962641 TestStability_CATA_qnx650
07:04:12
 41848832    6008832     212992   35577856      49152          0      962641 TestStability_CATA_qnx650
07:04:14
 41848832    6008832     212992   35577856      49152          0      962641 TestStability_CATA_qnx650
07:04:15
 41848832    6008832     212992   35577856      49152          0      962641 TestStability_CATA_qnx650
07:04:16
 41848832    6008832     212992   35577856      49152          0      962641 TestStability_CATA_qnx650
07:04:18
07:04:19
07:04:20
