2105
1882
1891
1565
1868

1680
1516
1789
1581
1503
1574
1668
1550
674
1716

1809
2140
1778
1598

1607
1774

1832
1689
1529
1577

1591
1722
1613

1757
1584
1491
1865
1373

1729
1572
1557
1612
1788
1912
1589
1483
1737


1710
1819
2337
1598
1370
1692

1571
1759
1610

1670
2909
1413
1886
1726
2007
1475
1403
2059
1761
1815
1376
2175
1649

1606
1903
2015
2003
1720
1566
2297

1809
1461


1589

1624
1681
1651

1556
1514
1901
1524
1534
1897
2062
2248
2005
1604
1972
1749
1996
1500
1735
1726
1751
1721
1732
1789

2205
2059
1610
1683
1587
2188

1949
1409
1668
1896
1663
1455
1540
1500
1492
1877
1613
1546
1864
1601
1535
1668
1901
1475
1581
1745
1911
2234
1677
1708
1955
2141
1620

1692
2003
1929
1893
1830
1682
1922
2055
2215
2057
2057
1780
1925

1724
1563
1849
1683
3317
1611
1674
1568
2230
1913
1743
1610
2010
1830
1830
1739

1728
1744
1826
1976

1783
1953
1577
1808
1693
1764
1640
1594
1538
1623
1335
1728
1454
1649
1542
1340
1616
1868
1801


1790
1700



1479
952

1818

1698
1382
1795
1696
1546
1525
2077
1493
2213
1602
1871
1682
1697

2186
1818
1884
1603
1541
1889
1639
1951
